0.5474070360051028
0.5474070360051028
0.5612746809172321
0.575174059570579
0.5870742125272117
0.6128420103959736
0.6525091869180826
0.6882096457879806
0.7219426127023819
0.7497096362678581
0.7754774341366202
0.7973102480943889
0.8845780364430285
0.9024123990073686
0.9163117776607156
0.9282119306173482
0.9381128578772666
0.9520122365306135
0.9599456718350353
0.971845824791668
0.9797792600960897
0.9896801873560082
0.9956461307049334
1.0015803403126409
1.0095137756170627
1.0134804932692736
1.0174472109214843
1.025380646225906
1.029347363878117
1.0372807991825388
1.043246742531464
1.0491809521391715
1.0591136131403076
1.0630803307925185
1.0670470484447294
1.0690145404002258
1.0710137660969403
1.0729812580524367
1.0749804837491512
1.0769479757046476
1.078947201401362
1.078947201401362
1.0809146933568585
1.0829139190535728
1.0848814110090694
1.0848814110090694
1.0868806367057837
1.0868806367057837
1.0888481286612803
1.0888481286612803
1.0928148463134912
1.0928148463134912
1.0948140720102055
1.0967815639657021
1.0987807896624164
1.100748281617913
1.1027475073146273
1.104714999270124
1.104714999270124
1.1067142249668382
1.1067142249668382
1.1086817169223349
1.1086817169223349
1.1106809426190491
1.1126484345745458
1.1126484345745458
1.11464766027126
1.11464766027126
1.11464766027126
1.1166151522267564
1.1166151522267564
1.1166151522267564
1.118614377923471
1.1205818698789674
1.1225810955756819
1.1245485875311783
1.1265478132278928
1.1265478132278928
1.1285153051833892
1.1324820228356
1.1344812485323146
1.1344812485323146
1.136448740487811
1.136448740487811
1.136448740487811
1.1384479661845253
1.1384479661845253
1.1404154581400219
1.1404154581400219
1.1424146838367362
1.1424146838367362
1.1424146838367362
1.1424146838367362
1.1443821757922328
1.1443821757922328
1.1443821757922328
1.1443821757922328
1.1443821757922328
1.146381401488947
1.146381401488947
1.146381401488947
1.146381401488947
1.146381401488947
1.146381401488947
1.146381401488947
1.1483488934444437
1.1483488934444437
1.1483488934444437
1.1483488934444437
1.150348119141158
1.150348119141158
1.150348119141158
1.150348119141158
1.150348119141158
1.150348119141158
1.150348119141158
1.150348119141158
1.150348119141158
1.1523156110966546
1.1523156110966546
1.150348119141158
1.1523156110966546
1.1523156110966546
1.1523156110966546
1.1523156110966546
1.1523156110966546
1.1523156110966546
1.1523156110966546
1.1523156110966546
1.1543148367933689
1.1543148367933689
1.1543148367933689
1.1543148367933689
1.1543148367933689
1.1543148367933689
1.1562823287488655
1.1562823287488655
1.1562823287488655
1.1562823287488655
1.1562823287488655
1.1562823287488655
1.1562823287488655
1.1562823287488655
1.1562823287488655
1.1562823287488655
1.1562823287488655
1.1562823287488655
1.1562823287488655
1.1562823287488655
1.1562823287488655
1.1562823287488655
1.1582815544455798
1.1582815544455798
1.1582815544455798
1.1582815544455798
1.1582815544455798
1.1582815544455798
1.1582815544455798
1.1582815544455798
1.1582815544455798
1.1582815544455798
1.1582815544455798
1.1582815544455798
1.1582815544455798
1.1582815544455798
1.1582815544455798
1.1582815544455798
1.1602490464010764
1.1582815544455798
1.1602490464010764
1.1602490464010764
1.1602490464010764
1.1602490464010764
1.1602490464010764
1.1602490464010764
1.1602490464010764
1.1602490464010764
1.1602490464010764
1.1602490464010764
1.1602490464010764
1.1602490464010764
1.1602490464010764
1.1622482720977907
1.1622482720977907
1.1622482720977907
1.1622482720977907
1.1622482720977907
1.1622482720977907
1.1622482720977907
1.1622482720977907
1.1622482720977907
1.1622482720977907
1.1622482720977907
1.1622482720977907
1.1622482720977907
1.1642157640532873
1.1642157640532873
1.1642157640532873
1.1642157640532873
1.1642157640532873
1.1642157640532873
1.1642157640532873
1.1642157640532873
1.1642157640532873
1.1642157640532873
1.1642157640532873
1.1642157640532873
1.1662149897500016
1.1642157640532873
1.1662149897500016
1.1642157640532873
1.1642157640532873
1.1642157640532873
1.1662149897500016
1.1662149897500016
1.1662149897500016
1.1662149897500016
1.1662149897500016
1.1662149897500016
1.1662149897500016
1.1662149897500016
1.1662149897500016
1.1662149897500016
1.1662149897500016
1.1662149897500016
1.1662149897500016
1.1662149897500016
1.1681824817054982
1.1662149897500016
1.1681824817054982
1.1681824817054982
1.1681824817054982
1.1681824817054982
1.1681824817054982
1.1681824817054982
1.1681824817054982
1.1681824817054982
1.1681824817054982
1.1681824817054982
1.1681824817054982
1.1681824817054982
1.1681824817054982
1.1681824817054982
1.1681824817054982
1.1681824817054982
1.1681824817054982
1.1701817074022125
1.1701817074022125
1.1701817074022125
1.1701817074022125
1.1701817074022125
1.1701817074022125
1.1701817074022125
1.1701817074022125
1.1701817074022125
1.1701817074022125
1.1701817074022125
1.1701817074022125
1.1701817074022125
1.1701817074022125
1.1701817074022125
1.1701817074022125
1.172149199357709
1.172149199357709
1.172149199357709
1.1701817074022125
1.1701817074022125
1.172149199357709
1.172149199357709
1.172149199357709
1.172149199357709
1.172149199357709
1.172149199357709
1.172149199357709
1.172149199357709
1.172149199357709
1.172149199357709
1.172149199357709
1.172149199357709
1.1701817074022125
1.172149199357709
1.1741484250544234
1.1741484250544234
1.1741484250544234
1.172149199357709
1.172149199357709
1.172149199357709
1.172149199357709
1.1741484250544234
1.1741484250544234
1.1741484250544234
1.1741484250544234
1.1741484250544234
1.1741484250544234
1.1741484250544234
1.1741484250544234
1.1741484250544234
1.1761159170099198
1.1761159170099198
1.1741484250544234
1.1761159170099198
1.1761159170099198
1.1741484250544234
1.1761159170099198
1.1761159170099198
1.1761159170099198
1.1761159170099198
1.1761159170099198
1.1761159170099198
1.1761159170099198
1.1761159170099198
1.1761159170099198
1.1781151427066343
1.1761159170099198
1.1761159170099198
1.1761159170099198
1.1761159170099198
1.1781151427066343
1.1761159170099198
1.1781151427066343
1.1761159170099198
1.1781151427066343
1.1761159170099198
1.1781151427066343
1.1781151427066343
1.1781151427066343
1.1781151427066343
1.1781151427066343
1.1781151427066343
1.1781151427066343
1.1781151427066343
1.1781151427066343
1.1781151427066343
1.1781151427066343
1.1800826346621307
1.1800826346621307
1.1800826346621307
1.1800826346621307
1.1800826346621307
1.1800826346621307
1.1800826346621307
1.1800826346621307
1.1800826346621307
1.1800826346621307
1.1800826346621307
1.1800826346621307
1.1800826346621307
1.1820818603588452
1.1800826346621307
1.1800826346621307
1.1820818603588452
1.1800826346621307
1.1800826346621307
1.1820818603588452
1.1800826346621307
1.1820818603588452
1.1820818603588452
1.1820818603588452
1.1820818603588452
1.1820818603588452
1.1820818603588452
1.1820818603588452
1.1820818603588452
1.1820818603588452
1.1820818603588452
1.1820818603588452
1.1840493523143416
1.1820818603588452
1.1820818603588452
1.1820818603588452
1.1840493523143416
1.1840493523143416
1.1840493523143416
1.1840493523143416
1.1840493523143416
1.1840493523143416
1.1840493523143416
1.1840493523143416
1.1840493523143416
1.1840493523143416
1.1840493523143416
1.1840493523143416
1.1840493523143416
1.1860485780110561
1.1860485780110561
1.1860485780110561
1.1860485780110561
1.1860485780110561
1.1860485780110561
1.1860485780110561
1.1860485780110561
1.1860485780110561
1.1860485780110561
1.1860485780110561
1.1860485780110561
1.1860485780110561
1.1860485780110561
1.1860485780110561
1.1880160699665525
1.1860485780110561
1.1880160699665525
1.1880160699665525
1.1880160699665525
1.1880160699665525
1.1880160699665525
1.1880160699665525
1.1880160699665525
1.1880160699665525
1.1880160699665525
1.1880160699665525
1.1880160699665525
1.190015295663267
1.190015295663267
1.190015295663267
1.190015295663267
1.190015295663267
1.190015295663267
1.190015295663267
1.190015295663267
1.190015295663267
1.190015295663267
1.190015295663267
1.190015295663267
1.190015295663267
1.1880160699665525
1.190015295663267
1.190015295663267
1.190015295663267
1.190015295663267
1.1919827876187634
1.1919827876187634
1.1919827876187634
1.1919827876187634
1.1919827876187634
1.1919827876187634
1.1919827876187634
1.1919827876187634
1.1919827876187634
1.1919827876187634
1.1919827876187634
1.1919827876187634
1.1919827876187634
1.1919827876187634
1.1919827876187634
1.1919827876187634
1.1919827876187634
1.1919827876187634
1.1939820133154777
1.1919827876187634
1.1919827876187634
1.1939820133154777
1.1919827876187634
1.1939820133154777
1.1939820133154777
1.1939820133154777
1.1959495052709743
1.1959495052709743
1.1959495052709743
1.1959495052709743
1.1959495052709743
1.1959495052709743
1.1959495052709743
1.1979487309676886
1.1959495052709743
1.1979487309676886
1.1979487309676886
1.1979487309676886
1.1979487309676886
1.1979487309676886
1.1979487309676886
1.1979487309676886
1.1979487309676886
1.1959495052709743
1.1979487309676886
1.1979487309676886
1.1979487309676886
1.1979487309676886
1.1959495052709743
1.1979487309676886
1.1979487309676886
1.1979487309676886
1.1979487309676886
1.1979487309676886
1.1959495052709743
1.1979487309676886
1.1979487309676886
1.1979487309676886
1.1979487309676886
1.1979487309676886
1.1979487309676886
1.1979487309676886
1.1999162229231852
1.1979487309676886
1.1979487309676886
1.1999162229231852
1.2019154486198995
1.2019154486198995
1.2019154486198995
1.2019154486198995
1.1999162229231852
1.2019154486198995
1.2019154486198995
1.2019154486198995
1.2019154486198995
1.2019154486198995
1.2019154486198995
1.2019154486198995
1.2019154486198995
1.2019154486198995
1.2019154486198995
1.2019154486198995
1.2019154486198995
1.2019154486198995
1.2019154486198995
1.2019154486198995
1.2038829405753961
1.2019154486198995
1.2038829405753961
1.2038829405753961
1.2038829405753961
1.2038829405753961
1.2038829405753961
1.2038829405753961
1.2019154486198995
1.2038829405753961
1.2038829405753961
1.2038829405753961
1.2038829405753961
1.2038829405753961
1.2038829405753961
1.2038829405753961
1.2038829405753961
1.2038829405753961
1.2038829405753961
1.2038829405753961
1.2038829405753961
1.2038829405753961
1.2038829405753961
1.2038829405753961
1.2038829405753961
1.2038829405753961
1.2038829405753961
1.2058821662721104
1.2058821662721104
1.2058821662721104
1.2038829405753961
1.2058821662721104
1.2058821662721104
1.2058821662721104
1.2058821662721104
1.2058821662721104
1.2058821662721104
1.2058821662721104
1.2058821662721104
1.2058821662721104
1.2058821662721104
1.2058821662721104
1.2058821662721104
1.2058821662721104
1.2058821662721104
1.2058821662721104
1.2058821662721104
1.2058821662721104
1.2058821662721104
1.2058821662721104
1.2058821662721104
1.2058821662721104
1.2058821662721104
1.2058821662721104
1.2058821662721104
1.2058821662721104
1.2058821662721104
1.2058821662721104
1.2058821662721104
1.2038829405753961
1.2058821662721104
1.2058821662721104
1.2058821662721104
1.2058821662721104
1.207849658227607
1.2058821662721104
1.207849658227607
1.2058821662721104
1.207849658227607
1.207849658227607
1.2058821662721104
1.207849658227607
1.207849658227607
1.2058821662721104
1.2058821662721104
1.2058821662721104
1.2058821662721104
1.207849658227607
1.207849658227607
1.207849658227607
1.207849658227607
1.2058821662721104
1.2058821662721104
1.2058821662721104
1.207849658227607
1.207849658227607
1.207849658227607
1.207849658227607
1.207849658227607
1.207849658227607
1.207849658227607
1.2058821662721104
1.207849658227607
1.207849658227607
1.207849658227607
1.207849658227607
1.207849658227607
1.207849658227607
1.207849658227607
1.207849658227607
1.207849658227607
1.207849658227607
1.207849658227607
1.207849658227607
1.207849658227607
1.207849658227607
1.207849658227607
1.207849658227607
1.207849658227607
1.207849658227607
1.207849658227607
1.2098488839243213
1.207849658227607
1.2098488839243213
1.207849658227607
1.207849658227607
1.2098488839243213
1.2098488839243213
1.2098488839243213
1.2098488839243213
1.2098488839243213
1.2098488839243213
1.207849658227607
1.2098488839243213
1.2098488839243213
1.2098488839243213
1.2098488839243213
1.2098488839243213
1.2098488839243213
1.2098488839243213
1.2098488839243213
1.2098488839243213
1.2098488839243213
1.2098488839243213
1.2098488839243213
1.2098488839243213
1.2098488839243213
1.2098488839243213
1.2098488839243213
1.2098488839243213
1.2098488839243213
1.2098488839243213
1.2098488839243213
1.2098488839243213
1.2098488839243213
1.2098488839243213
1.2098488839243213
1.2098488839243213
1.2098488839243213
1.2098488839243213
1.2098488839243213
1.211816375879818
1.2098488839243213
1.2098488839243213
1.2098488839243213
1.211816375879818
1.2098488839243213
1.2098488839243213
1.2098488839243213
1.2098488839243213
1.2098488839243213
1.211816375879818
1.2098488839243213
1.2098488839243213
1.211816375879818
1.211816375879818
1.211816375879818
1.211816375879818
1.2098488839243213
1.2098488839243213
1.2098488839243213
1.211816375879818
1.211816375879818
1.211816375879818
1.2098488839243213
1.2098488839243213
1.2098488839243213
1.2098488839243213
1.2098488839243213
1.2098488839243213
1.211816375879818
1.2098488839243213
1.2098488839243213
1.211816375879818
1.2098488839243213
1.211816375879818
1.211816375879818
1.211816375879818
1.211816375879818
1.211816375879818
1.211816375879818
1.2098488839243213
1.211816375879818
1.211816375879818
1.211816375879818
1.211816375879818
1.211816375879818
1.211816375879818
1.211816375879818
1.211816375879818
1.211816375879818
1.211816375879818
1.211816375879818
1.211816375879818
1.211816375879818
1.211816375879818
1.211816375879818
1.211816375879818
1.211816375879818
1.211816375879818
1.211816375879818
1.211816375879818
1.211816375879818
1.211816375879818
1.211816375879818
1.211816375879818
1.211816375879818
1.211816375879818
1.211816375879818
1.211816375879818
1.211816375879818
1.211816375879818
1.211816375879818
1.211816375879818
1.211816375879818
1.211816375879818
1.211816375879818
1.211816375879818
1.211816375879818
1.211816375879818
1.211816375879818
1.2138156015765322
1.211816375879818
1.211816375879818
1.2138156015765322
1.2138156015765322
1.2138156015765322
1.211816375879818
1.2138156015765322
1.2138156015765322
1.2138156015765322
1.211816375879818
1.2138156015765322
1.2138156015765322
1.211816375879818
1.2138156015765322
1.2138156015765322
1.2138156015765322
1.2138156015765322
1.2138156015765322
1.2138156015765322
1.2138156015765322
1.2138156015765322
1.2138156015765322
1.2138156015765322
1.2138156015765322
1.2138156015765322
1.2138156015765322
1.211816375879818
1.2138156015765322
1.2138156015765322
1.2138156015765322
1.2138156015765322
1.2138156015765322
1.2138156015765322
1.2138156015765322
1.2138156015765322
1.2138156015765322
1.2138156015765322
1.2138156015765322
1.2138156015765322
1.2138156015765322
1.211816375879818
1.2138156015765322
1.2138156015765322
1.2138156015765322
1.2138156015765322
1.2138156015765322
1.2138156015765322
1.2138156015765322
1.2138156015765322
1.2138156015765322
1.2138156015765322
1.2138156015765322
1.2138156015765322
1.2138156015765322
1.2138156015765322
1.2138156015765322
1.2138156015765322
1.2138156015765322
1.2138156015765322
1.2138156015765322
1.2138156015765322
1.2138156015765322
1.2138156015765322
1.2138156015765322
1.2138156015765322
1.2138156015765322
1.2138156015765322
1.2138156015765322
1.2138156015765322
1.2138156015765322
1.2138156015765322
1.2138156015765322
1.2138156015765322
1.2138156015765322
1.2138156015765322
1.2138156015765322
1.2138156015765322
1.2138156015765322
1.2138156015765322
1.2138156015765322
1.2138156015765322
1.2138156015765322
1.2138156015765322
1.2138156015765322
1.2138156015765322
1.2138156015765322
1.2138156015765322
1.2138156015765322
1.2138156015765322
1.2138156015765322
1.2138156015765322
1.2138156015765322
1.2138156015765322
1.2138156015765322
1.2138156015765322
1.2138156015765322
1.2138156015765322
1.2138156015765322
1.2157830935320288
1.2138156015765322
1.2138156015765322
1.2138156015765322
1.2138156015765322
1.2138156015765322
1.2138156015765322
1.2138156015765322
1.2138156015765322
1.2138156015765322
1.2138156015765322
1.2157830935320288
1.2157830935320288
1.2138156015765322
1.2138156015765322
1.2138156015765322
1.2157830935320288
1.2138156015765322
1.2138156015765322
1.2138156015765322
1.2138156015765322
1.2157830935320288
1.2157830935320288
1.2157830935320288
1.2157830935320288
1.2138156015765322
1.2157830935320288
1.2157830935320288
1.2157830935320288
1.2138156015765322
1.2138156015765322
1.2138156015765322
1.2138156015765322
1.2138156015765322
1.2138156015765322
1.2157830935320288
1.2157830935320288
1.2138156015765322
1.2157830935320288
1.2138156015765322
1.2138156015765322
1.2138156015765322
1.2138156015765322
1.2157830935320288
1.2157830935320288
1.2157830935320288
1.2157830935320288
1.2157830935320288
1.2157830935320288
1.2157830935320288
1.2157830935320288
1.2157830935320288
1.2157830935320288
1.2157830935320288
1.2157830935320288
1.2157830935320288
1.2157830935320288
1.2157830935320288
1.2157830935320288
1.2157830935320288
1.2157830935320288
1.2157830935320288
1.2157830935320288
1.2157830935320288
1.2157830935320288
1.2157830935320288
1.2157830935320288
1.2157830935320288
1.2157830935320288
1.2157830935320288
1.2157830935320288
1.2157830935320288
1.2157830935320288
1.2157830935320288
1.2157830935320288
1.2138156015765322
1.2157830935320288
1.2157830935320288
1.2138156015765322
1.2157830935320288
1.2157830935320288
1.2157830935320288
1.2157830935320288
1.2157830935320288
1.2157830935320288
1.2157830935320288
1.2157830935320288
1.2157830935320288
1.2157830935320288
1.2157830935320288
1.2157830935320288
1.2157830935320288
1.2157830935320288
1.2157830935320288
1.2157830935320288
1.2157830935320288
1.2157830935320288
1.2157830935320288
1.2157830935320288
1.2157830935320288
1.2157830935320288
1.2157830935320288
1.2157830935320288
1.2157830935320288
1.2157830935320288
1.2157830935320288
1.2157830935320288
1.2157830935320288
1.2157830935320288
1.2157830935320288
1.2157830935320288
1.2157830935320288
1.2157830935320288
1.2157830935320288
1.2157830935320288
1.2157830935320288
1.2157830935320288
1.2157830935320288
1.2157830935320288
1.2177823192287431
1.2157830935320288
1.2157830935320288
1.2157830935320288
1.2157830935320288
1.2157830935320288
1.2157830935320288
1.2157830935320288
1.2157830935320288
1.2157830935320288
1.2157830935320288
1.2157830935320288
1.2157830935320288
1.2157830935320288
1.2157830935320288
1.2157830935320288
1.2157830935320288
1.2177823192287431
1.2177823192287431
1.2157830935320288
1.2157830935320288
1.2157830935320288
1.2177823192287431
1.2157830935320288
1.2157830935320288
1.2177823192287431
1.2157830935320288
1.2177823192287431
1.2177823192287431
1.2177823192287431
1.2157830935320288
1.2157830935320288
1.2177823192287431
1.2177823192287431
1.2177823192287431
1.2177823192287431
1.2157830935320288
1.2177823192287431
1.2177823192287431
1.2177823192287431
1.2177823192287431
1.2157830935320288
1.2177823192287431
1.2177823192287431
1.2157830935320288
1.2157830935320288
1.2157830935320288
1.2157830935320288
1.2157830935320288
1.2157830935320288
1.2157830935320288
1.2157830935320288
1.2177823192287431
1.2177823192287431
1.2157830935320288
1.2157830935320288
1.2177823192287431
1.2177823192287431
1.2157830935320288
1.2157830935320288
1.2177823192287431
