26.812
28.25
29.937
30.75
31.5
31.812
32.187
32.437
32.687
32.812
32.937
33.062
33.312
33.875
34.125
34.187
34.312
34.562
34.625
34.562
34.625
34.687
34.687
34.812
34.812
34.875
35.0
35.0
35.062
35.125
35.187
35.187
35.25
35.312
35.375
35.437
35.562
35.562
35.625
35.687
35.687
35.75
35.75
35.75
35.812
35.812
35.875
35.937
35.937
35.937
35.937
36.0
36.0
36.0
36.0
36.0
36.0
36.062
36.062
36.062
36.062
36.062
36.125
36.125
36.125
36.187
36.125
36.25
36.25
36.25
36.187
36.187
36.25
36.25
36.25
36.25
36.25
36.312
36.25
36.312
36.312
36.312
36.312
36.312
36.375
36.375
36.312
36.375
36.375
36.375
36.437
36.375
36.375
36.375
36.437
36.437
36.437
36.375
36.437
36.437
36.437
36.437
36.437
36.437
36.5
36.5
36.5
36.5
36.5
36.5
36.562
36.562
36.5
36.562
36.562
36.5
36.562
36.562
36.562
36.562
36.562
36.562
36.562
36.562
36.562
36.625
36.625
36.625
36.625
36.625
36.625
36.625
36.687
36.687
36.687
36.687
36.687
36.687
36.687
36.687
36.687
36.687
36.687
36.687
36.687
36.75
36.687
36.75
36.75
36.75
36.687
36.812
36.75
36.75
36.812
36.812
36.812
36.812
36.75
36.75
36.812
36.75
36.875
36.875
36.875
36.875
36.875
36.875
36.875
36.875
36.875
36.875
36.875
36.937
36.875
36.937
36.937
36.937
36.937
36.875
36.937
36.937
36.937
36.937
36.937
36.937
37.0
36.937
37.0
37.0
37.0
37.0
37.0
37.0
37.0
37.0
37.0
37.062
37.062
37.062
37.062
37.062
37.062
37.0
37.062
37.062
37.062
37.062
37.062
37.062
37.062
37.062
37.062
37.062
37.062
37.062
37.062
37.062
37.062
37.062
37.125
37.062
37.125
37.125
37.125
37.125
37.125
37.125
37.187
37.125
37.125
37.187
37.25
37.187
37.25
37.25
37.25
37.25
37.25
37.25
37.25
37.25
37.312
37.25
37.25
37.25
37.25
37.312
37.312
37.312
37.312
37.312
37.312
37.375
37.312
37.375
37.375
37.375
37.375
37.375
37.375
37.375
37.437
37.437
37.375
37.437
37.437
37.437
37.437
37.437
37.437
37.437
37.437
37.437
37.5
37.5
37.5
37.5
37.437
37.437
37.5
37.437
37.5
37.5
37.5
37.5
37.5
37.562
37.562
37.5
37.562
37.562
37.562
37.562
37.562
37.562
37.562
37.562
37.625
37.625
37.562
37.625
37.562
37.625
37.625
37.625
37.625
37.625
37.625
37.625
37.625
37.625
37.625
37.625
37.562
37.625
37.625
37.687
37.625
37.625
37.625
37.625
37.625
37.625
37.687
37.562
37.687
37.625
37.625
37.625
37.625
37.625
37.687
37.625
37.625
37.625
37.562
37.562
37.562
37.625
37.625
37.625
37.625
37.625
37.687
37.687
37.625
37.687
37.687
37.687
37.625
37.687
37.625
37.625
37.625
37.687
37.687
37.625
37.687
37.625
37.687
37.687
37.687
37.687
37.687
37.687
37.687
37.687
37.687
37.687
37.687
37.687
37.687
37.687
37.687
37.75
37.75
37.687
37.687
37.75
37.687
37.687
37.75
37.75
37.75
37.75
37.687
37.687
37.75
37.687
37.75
37.75
37.75
37.687
37.75
37.75
37.75
37.75
37.75
37.75
37.75
37.75
37.75
37.812
37.687
37.75
37.75
37.75
37.75
37.75
37.75
37.812
37.812
37.75
37.812
37.812
37.812
37.812
37.75
37.75
37.75
37.75
37.75
37.812
37.75
37.812
37.75
37.75
37.75
37.75
37.812
37.75
37.75
37.75
37.75
37.75
37.687
37.75
37.75
37.75
37.75
37.812
37.75
37.75
37.75
37.75
37.812
37.812
37.812
37.812
37.812
37.812
37.812
37.812
37.812
37.75
37.812
37.812
37.75
37.812
37.75
37.812
37.75
37.75
37.75
37.75
37.75
37.812
37.812
37.812
37.75
37.812
37.812
37.812
37.812
37.812
37.812
37.812
37.75
37.812
37.812
37.812
37.812
37.812
37.875
37.875
37.812
37.812
37.875
37.812
37.812
37.875
37.812
37.875
37.875
37.875
37.875
37.875
37.875
37.875
37.875
37.875
37.875
37.875
37.875
37.875
37.875
37.812
37.875
37.875
37.875
37.875
37.937
37.875
37.937
37.937
37.875
37.875
37.875
37.875
37.937
37.937
37.937
37.937
37.937
37.937
37.937
37.937
37.937
37.937
37.937
37.937
37.937
37.937
37.937
37.937
37.937
37.937
37.937
37.937
37.937
